  0.   -91.67
  2.   -91.70
  4.   -91.78
  6.   -91.91
  8.   -92.10
 10.   -92.35
 12.   -92.65
 14.   -93.00
 16.   -93.41
 18.   -93.88
 20.   -94.40
 22.   -94.98
 24.   -95.61
 26.   -96.31
 28.   -97.06
 30.   -97.87
 32.   -98.75
 34.   -99.69
 36.  -100.69
 38.  -101.76
 40.  -102.90
 42.  -104.12
 44.  -105.42
 46.  -106.81
 48.  -108.29
 50.  -109.88
 52.  -111.59
 54.  -113.42
 56.  -115.40
 58.  -117.52
 60.  -119.80
 62.  -122.26
 64.  -124.89
 66.  -127.70
 68.  -130.69
 70.  -133.84
 72.  -137.15
 74.  -140.59
 76.  -144.11
 78.  -147.69
 80.  -151.25
 82.  -154.73
 84.  -158.07
 86.  -161.17
 88.  -163.96
 90.  -166.35
 92.  -168.27
 94.  -169.63
 96.  -170.39
 98.  -170.50
100.  -169.95
102.  -168.75
104.  -166.91
106.  -164.48
108.  -161.54
110.  -158.16
112.  -154.44
114.  -150.46
116.  -146.32
118.  -142.11
120.  -137.91
122.  -133.79
124.  -129.81
126.  -126.01
128.  -122.43
130.  -119.09
132.  -116.00
134.  -113.17
136.  -110.60
138.  -108.27
140.  -106.18
142.  -104.31
144.  -102.63
146.  -101.14
148.   -99.81
150.   -98.62
152.   -97.55
154.   -96.59
156.   -95.73
158.   -94.94
160.   -94.23
162.   -93.59
164.   -93.01
166.   -92.50
168.   -92.04
170.   -91.65
172.   -91.32
174.   -91.07
176.   -90.88
178.   -90.77
180.   -90.73