  0. 4.661 
  2. 4.660 
  4. 4.657 
  6. 4.652 
  8. 4.645 
 10. 4.636 
 12. 4.624 
 14. 4.611 
 16. 4.596 
 18. 4.579 
 20. 4.560 
 22. 4.539 
 24. 4.517 
 26. 4.493 
 28. 4.467 
 30. 4.440 
 32. 4.411 
 34. 4.381 
 36. 4.350 
 38. 4.318 
 40. 4.284 
 42. 4.250 
 44. 4.215 
 46. 4.179 
 48. 4.143 
 50. 4.106 
 52. 4.069 
 54. 4.032 
 56. 3.995 
 58. 3.958 
 60. 3.922 
 62. 3.886 
 64. 3.850 
 66. 3.815 
 68. 3.781 
 70. 3.748 
 72. 3.717 
 74. 3.687 
 76. 3.658 
 78. 3.632 
 80. 3.608 
 82. 3.587 
 84. 3.569 
 86. 3.554 
 88. 3.542 
 90. 3.534 
 92. 3.530 
 94. 3.531 
 96. 3.535 
 98. 3.545 
100. 3.559 
102. 3.577 
104. 3.600 
106. 3.628 
108. 3.659 
110. 3.695 
112. 3.735 
114. 3.778 
116. 3.824 
118. 3.872 
120. 3.923 
122. 3.975 
124. 4.028 
126. 4.082 
128. 4.136 
130. 4.191 
132. 4.245 
134. 4.298 
136. 4.349 
138. 4.400 
140. 4.449 
142. 4.496 
144. 4.541 
146. 4.584 
148. 4.626 
150. 4.664 
152. 4.701 
154. 4.735 
156. 4.767 
158. 4.796 
160. 4.823 
162. 4.848 
164. 4.870 
166. 4.889 
168. 4.906 
170. 4.921 
172. 4.932 
174. 4.942 
176. 4.948 
178. 4.952 
180. 4.954 