  0. 4.661
  2. 4.660
  4. 4.658
  6. 4.654
  8. 4.649
 10. 4.643
 12. 4.635
 14. 4.626
 16. 4.615
 18. 4.602
 20. 4.588
 22. 4.573
 24. 4.556
 26. 4.537
 28. 4.517
 30. 4.495
 32. 4.471
 34. 4.446
 36. 4.419
 38. 4.390
 40. 4.359
 42. 4.327
 44. 4.293
 46. 4.257
 48. 4.220
 50. 4.180
 52. 4.140
 54. 4.098
 56. 4.054
 58. 4.010
 60. 3.965
 62. 3.920
 64. 3.874
 66. 3.830
 68. 3.787
 70. 3.746
 72. 3.707
 74. 3.672
 76. 3.642
 78. 3.616
 80. 3.596
 82. 3.583
 84. 3.576
 86. 3.575
 88. 3.582
 90. 3.595
 92. 3.615
 94. 3.640
 96. 3.670
 98. 3.704
100. 3.742
102. 3.784
104. 3.827
106. 3.871
108. 3.917
110. 3.964
112. 4.010
114. 4.057
116. 4.103
118. 4.148
120. 4.193
122. 4.236
124. 4.279
126. 4.321
128. 4.362
130. 4.402
132. 4.441
134. 4.479
136. 4.516
138. 4.551
140. 4.586
142. 4.619
144. 4.651
146. 4.682
148. 4.712
150. 4.740
152. 4.766
154. 4.791
156. 4.815
158. 4.837
160. 4.857
162. 4.875
164. 4.891
166. 4.906
168. 4.918
170. 4.929
172. 4.938
174. 4.944
176. 4.949
178. 4.952
180. 4.953