  0.  -91.61
  2.  -91.60
  4.  -91.58
  6.  -91.53
  8.  -91.48
 10.  -91.40
 12.  -91.30
 14.  -91.18
 16.  -91.04
 18.  -90.89
 20.  -90.74
 22.  -90.59
 24.  -90.45
 26.  -90.35
 28.  -90.29
 30.  -90.29
 32.  -90.38
 34.  -90.56
 36.  -90.87
 38.  -91.33
 40.  -91.95
 42.  -92.76
 44.  -93.78
 46.  -95.05
 48.  -96.58
 50.  -98.40
 52. -100.53
 54. -103.01
 56. -105.86
 58. -109.09
 60. -112.71
 62. -116.72
 64. -121.10
 66. -125.81
 68. -130.76
 70. -135.85
 72. -140.91
 74. -145.77
 76. -150.21
 78. -153.99
 80. -156.90
 82. -158.76
 84. -159.44
 86. -158.90
 88. -157.18
 90. -154.40
 92. -150.74
 94. -146.43
 96. -141.69
 98. -136.74
100. -131.77
102. -126.93
104. -122.34
106. -118.07
108. -114.17
110. -110.66
112. -107.53
114. -104.79
116. -102.40
118. -100.34
120.  -98.58
122.  -97.09
124.  -95.85
126.  -94.82
128.  -93.97
130.  -93.28
132.  -92.73
134.  -92.29
136.  -91.94
138.  -91.66
140.  -91.44
142.  -91.27
144.  -91.14
146.  -91.03
148.  -90.95
150.  -90.88
152.  -90.83
154.  -90.79
156.  -90.77
158.  -90.75
160.  -90.75
162.  -90.75
164.  -90.76
166.  -90.77
168.  -90.79
170.  -90.81
172.  -90.83
174.  -90.84
176.  -90.85
178.  -90.86
180.  -90.86