#  theta    R       E_CP
    0      2.7   77306.73
    0      2.8   55618.09
    0      2.9   39475.51
    0      3.0   27711.64
    0      3.1   19263.68
    0      3.2   13263.86
    0      3.3    9041.55
    0      3.4    6093.95
    0      3.5    4052.66
    0      3.6    2650.63
    0      3.7    1695.88
    0      3.8    1052.23
    0      3.9     623.37
    0      4.0     341.77
    0      4.1     160.25
    0      4.2      46.26
    0      4.3     -22.76
    0      4.4     -62.15
    0      4.5     -82.35
    0      4.6     -90.46
    0      4.7     -91.07
    0      4.8     -87.37
    0      4.9     -81.35
    0      5.0     -74.30
    0      5.1     -67.01
    0      5.2     -59.95
    0      5.3     -53.35
    0      5.4     -47.34
    0      5.5     -41.94
    0      5.6     -37.15
    0      5.7     -32.92
    0      5.8     -29.20
    0      5.9     -25.94
    0      6.0     -23.07
    0      6.1     -20.56
    0      6.2     -18.35
    0      6.3     -16.41
    0      6.4     -14.70
    0      6.5     -13.20
    0      6.6     -11.87
    0      6.7     -10.70
    0      6.8      -9.67
    0      6.9      -8.75
    0      7.0      -7.93
    0      7.1      -7.20
    0      7.2      -6.55
    0      7.3      -5.97
    0      7.4      -5.45
    0      7.5      -4.98
    0      7.6      -4.56
    0      7.7      -4.18
    0      7.8      -3.84
    0      7.9      -3.53
    0      8.0      -3.25
    0      8.1      -3.00
    0      8.2      -2.77
    0      8.3      -2.56
    0      8.4      -2.37
    0      8.5      -2.19
    0      8.6      -2.04
    0      8.7      -1.89
    0      8.8      -1.76
    0      8.9      -1.64
    0      9.0      -1.53
    0      9.1      -1.42
    0      9.2      -1.33
    0      9.3      -1.24
    0      9.4      -1.16
    0      9.5      -1.09
    0      9.6      -1.02
    0      9.7      -0.96
    0      9.8      -0.90
    0      9.9      -0.85
    0     10.0      -0.80

    15     2.7   62175.63
    15     2.8   44742.47
    15     2.9   31788.66
    15     3.0   22341.86
    15     3.1   15545.81
    15     3.2   10708.75
    15     3.3    7297.35
    15     3.4    4911.61
    15     3.5    3256.81
    15     3.6    2119.17
    15     3.7    1344.21
    15     3.8     822.08
    15     3.9     474.82
    15     4.0     247.68
    15     4.1     102.09
    15     4.2      11.56
    15     4.3     -42.28
    15     4.4     -72.09
    15     4.5     -86.31
    15     4.6     -90.78
    15     4.7     -89.37
    15     4.8     -84.62
    15     4.9     -78.16
    15     5.0     -71.03
    15     5.1     -63.87
    15     5.2     -57.03
    15     5.3     -50.71
    15     5.4     -45.02
    15     5.5     -39.88
    15     5.6     -35.35
    15     5.7     -31.33
    15     5.8     -27.81
    15     5.9     -24.72
    15     6.0     -22.00
    15     6.1     -19.62
    15     6.2     -17.53
    15     6.3     -15.71
    15     6.4     -14.08
    15     6.5     -12.66
    15     6.6     -11.39
    15     6.7     -10.28
    15     6.8      -9.29
    15     6.9      -8.41
    15     7.0      -7.63
    15     7.1      -6.93
    15     7.2      -6.31
    15     7.3      -5.75
    15     7.4      -5.25
    15     7.5      -4.81
    15     7.6      -4.40
    15     7.7      -4.04
    15     7.8      -3.71
    15     7.9      -3.41
    15     8.0      -3.15
    15     8.1      -2.90
    15     8.2      -2.68
    15     8.3      -2.48
    15     8.4      -2.29
    15     8.5      -2.13
    15     8.6      -1.97
    15     8.7      -1.84
    15     8.8      -1.71
    15     8.9      -1.59
    15     9.0      -1.48
    15     9.1      -1.38
    15     9.2      -1.29
    15     9.3      -1.21
    15     9.4      -1.13
    15     9.5      -1.06
    15     9.6      -0.99
    15     9.7      -0.93
    15     9.8      -0.88
    15     9.9      -0.82
    15    10.0      -0.78

    30     2.7   34420.08
    30     2.8   24664.23
    30     2.9   17483.80
    30     3.0   12265.37
    30     3.1    8512.46
    30     3.2    5838.20
    30     3.3    3949.88
    30     3.4    2628.57
    30     3.5    1712.29
    30     3.6    1083.62
    30     3.7     657.33
    30     3.8     372.41
    30     3.9     185.28
    30     4.0      65.27
    30     4.1      -9.20
    30     4.2     -53.13
    30     4.3     -76.92
    30     4.4     -87.68
    30     4.5     -90.23
    30     4.6     -87.90
    30     4.7     -82.78
    30     4.8     -76.27
    30     4.9     -69.25
    30     5.0     -62.28
    30     5.1     -55.66
    30     5.2     -49.54
    30     5.3     -44.00
    30     5.4     -39.03
    30     5.5     -34.62
    30     5.6     -30.73
    30     5.7     -27.29
    30     5.8     -24.28
    30     5.9     -21.63
    30     6.0     -19.30
    30     6.1     -17.25
    30     6.2     -15.45
    30     6.3     -13.86
    30     6.4     -12.48
    30     6.5     -11.23
    30     6.6     -10.14
    30     6.7      -9.17
    30     6.8      -8.31
    30     6.9      -7.54
    30     7.0      -6.85
    30     7.1      -6.24
    30     7.2      -5.68
    30     7.3      -5.19
    30     7.4      -4.75
    30     7.5      -4.35
    30     7.6      -3.99
    30     7.7      -3.67
    30     7.8      -3.37
    30     7.9      -3.11
    30     8.0      -2.87
    30     8.1      -2.65
    30     8.2      -2.45
    30     8.3      -2.27
    30     8.4      -2.10
    30     8.5      -1.95
    30     8.6      -1.81
    30     8.7      -1.69
    30     8.8      -1.57
    30     8.9      -1.47
    30     9.0      -1.37
    30     9.1      -1.28
    30     9.2      -1.19
    30     9.3      -1.12
    30     9.4      -1.05
    30     9.5      -0.98
    30     9.6      -0.92
    30     9.7      -0.87
    30     9.8      -0.81
    30     9.9      -0.77
    30    10.0      -0.72

    45     2.7   14730.84
    45     2.8   10415.30
    45     2.9    7282.97
    45     3.0    5029.86
    45     3.1    3423.18
    45     3.2    2288.07
    45     3.3    1494.00
    45     3.4     944.63
    45     3.5     569.17
    45     3.6     316.58
    45     3.7     149.79
    45     3.8      42.46
    45     3.9     -24.15
    45     4.0     -63.27
    45     4.1     -84.10
    45     4.2     -93.04
    45     4.3     -94.48
    45     4.4     -91.42
    45     4.5     -85.80
    45     4.6     -78.96
    45     4.7     -71.69
    45     4.8     -64.50
    45     4.9     -57.69
    45     5.0     -51.39
    45     5.1     -45.67
    45     5.2     -40.55
    45     5.3     -35.99
    45     5.4     -31.95
    45     5.5     -28.39
    45     5.6     -25.25
    45     5.7     -22.49
    45     5.8     -20.07
    45     5.9     -17.94
    45     6.0     -16.06
    45     6.1     -14.40
    45     6.2     -12.94
    45     6.3     -11.65
    45     6.4     -10.51
    45     6.5      -9.50
    45     6.6      -8.60
    45     6.7      -7.80
    45     6.8      -7.10
    45     6.9      -6.45
    45     7.0      -5.89
    45     7.1      -5.37
    45     7.2      -4.90
    45     7.3      -4.49
    45     7.4      -4.12
    45     7.5      -3.78
    45     7.6      -3.48
    45     7.7      -3.20
    45     7.8      -2.95
    45     7.9      -2.73
    45     8.0      -2.52
    45     8.1      -2.33
    45     8.2      -2.16
    45     8.3      -2.00
    45     8.4      -1.86
    45     8.5      -1.73
    45     8.6      -1.61
    45     8.7      -1.50
    45     8.8      -1.40
    45     8.9      -1.31
    45     9.0      -1.22
    45     9.1      -1.14
    45     9.2      -1.07
    45     9.3      -1.00
    45     9.4      -0.94
    45     9.5      -0.88
    45     9.6      -0.83
    45     9.7      -0.78
    45     9.8      -0.74
    45     9.9      -0.69
    45    10.0      -0.65

    60     2.7    5503.99
    60     2.8    3753.65
    60     2.9    2512.47
    60     3.0    1641.16
    60     3.1    1036.33
    60     3.2     621.93
    60     3.3     342.40
    60     3.4     157.56
    60     3.5      38.46
    60     3.6     -35.49
    60     3.7     -78.78
    60     3.8    -101.59
    60     3.9    -111.14
    60     4.0    -112.23
    60     4.1    -108.29
    60     4.2    -101.43
    60     4.3     -93.23
    60     4.4     -84.52
    60     4.5     -75.97
    60     4.6     -67.85
    60     4.7     -60.36
    60     4.8     -53.56
    60     4.9     -47.47
    60     5.0     -42.05
    60     5.1     -37.25
    60     5.2     -33.03
    60     5.3     -29.32
    60     5.4     -26.06
    60     5.5     -23.20
    60     5.6     -20.68
    60     5.7     -18.48
    60     5.8     -16.54
    60     5.9     -14.83
    60     6.0     -13.32
    60     6.1     -11.99
    60     6.2     -10.81
    60     6.3      -9.77
    60     6.4      -8.84
    60     6.5      -8.02
    60     6.6      -7.29
    60     6.7      -6.63
    60     6.8      -6.03
    60     6.9      -5.51
    60     7.0      -5.03
    60     7.1      -4.61
    60     7.2      -4.23
    60     7.3      -3.88
    60     7.4      -3.57
    60     7.5      -3.28
    60     7.6      -3.02
    60     7.7      -2.79
    60     7.8      -2.58
    60     7.9      -2.39
    60     8.0      -2.21
    60     8.1      -2.05
    60     8.2      -1.90
    60     8.3      -1.77
    60     8.4      -1.64
    60     8.5      -1.53
    60     8.6      -1.43
    60     8.7      -1.33
    60     8.8      -1.24
    60     8.9      -1.16
    60     9.0      -1.09
    60     9.1      -1.02
    60     9.2      -0.96
    60     9.3      -0.90
    60     9.4      -0.84
    60     9.5      -0.79
    60     9.6      -0.75
    60     9.7      -0.70
    60     9.8      -0.66
    60     9.9      -0.63
    60    10.0      -0.59

    75     2.7    2182.72
    75     2.8    1372.37
    75     2.9     818.74
    75     3.0     446.85
    75     3.1     202.22
    75     3.2      45.70
    75     3.3     -50.59
    75     3.4    -106.27
    75     3.5    -135.11
    75     3.6    -146.58
    75     3.7    -147.18
    75     3.8    -141.30
    75     3.9    -131.82
    75     4.0    -120.67
    75     4.1    -109.04
    75     4.2     -97.64
    75     4.3     -86.89
    75     4.4     -77.02
    75     4.5     -68.09
    75     4.6     -60.12
    75     4.7     -53.05
    75     4.8     -46.82
    75     4.9     -41.35
    75     5.0     -36.56
    75     5.1     -32.37
    75     5.2     -28.70
    75     5.3     -25.49
    75     5.4     -22.68
    75     5.5     -20.22
    75     5.6     -18.06
    75     5.7     -16.17
    75     5.8     -14.50
    75     5.9     -13.04
    75     6.0     -11.74
    75     6.1     -10.59
    75     6.2      -9.58
    75     6.3      -8.67
    75     6.4      -7.87
    75     6.5      -7.15
    75     6.6      -6.51
    75     6.7      -5.94
    75     6.8      -5.42
    75     6.9      -4.96
    75     7.0      -4.54
    75     7.1      -4.16
    75     7.2      -3.82
    75     7.3      -3.52
    75     7.4      -3.24
    75     7.5      -2.98
    75     7.6      -2.75
    75     7.7      -2.55
    75     7.8      -2.35
    75     7.9      -2.18
    75     8.0      -2.02
    75     8.1      -1.88
    75     8.2      -1.74
    75     8.3      -1.62
    75     8.4      -1.51
    75     8.5      -1.41
    75     8.6      -1.32
    75     8.7      -1.23
    75     8.8      -1.15
    75     8.9      -1.08
    75     9.0      -1.01
    75     9.1      -0.94
    75     9.2      -0.89
    75     9.3      -0.83
    75     9.4      -0.78
    75     9.5      -0.74
    75     9.6      -0.69
    75     9.7      -0.65
    75     9.8      -0.62
    75     9.9      -0.58
    75    10.0      -0.55
 
    90     2.7    1640.24
    90     2.8    1001.39
    90     2.9     568.01
    90     3.0     279.65
    90     3.1      92.52
    90     3.2     -24.82
    90     3.3     -94.73
    90     3.4    -132.94
    90     3.5    -150.38
    90     3.6    -154.58
    90     3.7    -150.67
    90     3.8    -142.08
    90     3.9    -131.09
    90     4.0    -119.13
    90     4.1    -107.17
    90     4.2     -95.70
    90     4.3     -85.05
    90     4.4     -75.33
    90     4.5     -66.59
    90     4.6     -58.80
    90     4.7     -51.91
    90     4.8     -45.85
    90     4.9     -40.52
    90     5.0     -35.84
    90     5.1     -31.76
    90     5.2     -28.18
    90     5.3     -25.04
    90     5.4     -22.30
    90     5.5     -19.90
    90     5.6     -17.79
    90     5.7     -15.93
    90     5.8     -14.30
    90     5.9     -12.86
    90     6.0     -11.59
    90     6.1     -10.46
    90     6.2      -9.46
    90     6.3      -8.58
    90     6.4      -7.78
    90     6.5      -7.08
    90     6.6      -6.45
    90     6.7      -5.88
    90     6.8      -5.37
    90     6.9      -4.91
    90     7.0      -4.50
    90     7.1      -4.13
    90     7.2      -3.79
    90     7.3      -3.49
    90     7.4      -3.21
    90     7.5      -2.96
    90     7.6      -2.73
    90     7.7      -2.53
    90     7.8      -2.34
    90     7.9      -2.16
    90     8.0      -2.01
    90     8.1      -1.86
    90     8.2      -1.73
    90     8.3      -1.61
    90     8.4      -1.50
    90     8.5      -1.40
    90     8.6      -1.31
    90     8.7      -1.22
    90     8.8      -1.14
    90     8.9      -1.07
    90     9.0      -1.00
    90     9.1      -0.94
    90     9.2      -0.88
    90     9.3      -0.83
    90     9.4      -0.78
    90     9.5      -0.73
    90     9.6      -0.69
    90     9.7      -0.65
    90     9.8      -0.61
    90     9.9      -0.58
    90    10.0      -0.55

   105     2.7    3077.35
   105     2.8    2068.35
   105     2.9    1353.16
   105     3.0     851.91
   105     3.1     505.19
   105     3.2     269.22
   105     3.3     111.78
   105     3.4       9.64
   105     3.5     -54.23
   105     3.6     -91.64
   105     3.7    -111.22
   105     3.8    -119.00
   105     3.9    -119.20
   105     4.0    -114.74
   105     4.1    -107.59
   105     4.2     -99.09
   105     4.3     -90.13
   105     4.4     -81.25
   105     4.5     -72.79
   105     4.6     -64.93
   105     4.7     -57.76
   105     4.8     -51.29
   105     4.9     -45.51
   105     5.0     -40.38
   105     5.1     -35.84
   105     5.2     -31.83
   105     5.3     -28.31
   105     5.4     -25.21
   105     5.5     -22.48
   105     5.6     -20.08
   105     5.7     -17.97
   105     5.8     -16.11
   105     5.9     -14.47
   105     6.0     -13.01
   105     6.1     -11.73
   105     6.2     -10.59
   105     6.3      -9.58
   105     6.4      -8.68
   105     6.5      -7.88
   105     6.6      -7.16
   105     6.7      -6.53
   105     6.8      -5.95
   105     6.9      -5.44
   105     7.0      -4.97
   105     7.1      -4.55
   105     7.2      -4.18
   105     7.3      -3.84
   105     7.4      -3.53
   105     7.5      -3.25
   105     7.6      -2.99
   105     7.7      -2.76
   105     7.8      -2.55
   105     7.9      -2.36
   105     8.0      -2.19
   105     8.1      -2.03
   105     8.2      -1.88
   105     8.3      -1.75
   105     8.4      -1.63
   105     8.5      -1.52
   105     8.6      -1.41
   105     8.7      -1.32
   105     8.8      -1.23
   105     8.9      -1.15
   105     9.0      -1.08
   105     9.1      -1.01
   105     9.2      -0.95
   105     9.3      -0.89
   105     9.4      -0.84
   105     9.5      -0.79
   105     9.6      -0.74
   105     9.7      -0.70
   105     9.8      -0.66
   105     9.9      -0.62
   105    10.0      -0.58

   120     2.7    7851.57
   120     2.8    5607.04
   120     2.9    3954.87
   120     3.0    2748.48
   120     3.1    1875.08
   120     3.2    1248.65
   120     3.3     804.04
   120     3.4     492.43
   120     3.5     276.98
   120     3.6     130.85
   120     3.7      34.08
   120     3.8     -27.90
   120     3.9     -65.58
   120     4.0     -86.60
   120     4.1     -96.39
   120     4.2     -98.81
   120     4.3     -96.56
   120     4.4     -91.53
   120     4.5     -84.99
   120     4.6     -77.79
   120     4.7     -70.47
   120     4.8     -63.40
   120     4.9     -56.76
   120     5.0     -50.65
   120     5.1     -45.11
   120     5.2     -40.15
   120     5.3     -35.72
   120     5.4     -31.79
   120     5.5     -28.31
   120     5.6     -25.24
   120     5.7     -22.54
   120     5.8     -20.15
   120     5.9     -18.04
   120     6.0     -16.18
   120     6.1     -14.54
   120     6.2     -13.08
   120     6.3     -11.79
   120     6.4     -10.65
   120     6.5      -9.63
   120     6.6      -8.72
   120     6.7      -7.92
   120     6.8      -7.19
   120     6.9      -6.55
   120     7.0      -5.97
   120     7.1      -5.46
   120     7.2      -5.00
   120     7.3      -4.57
   120     7.4      -4.20
   120     7.5      -3.85
   120     7.6      -3.54
   120     7.7      -3.26
   120     7.8      -3.01
   120     7.9      -2.78
   120     8.0      -2.57
   120     8.1      -2.38
   120     8.2      -2.20
   120     8.3      -2.04
   120     8.4      -1.89
   120     8.5      -1.76
   120     8.6      -1.64
   120     8.7      -1.53
   120     8.8      -1.42
   120     8.9      -1.33
   120     9.0      -1.24
   120     9.1      -1.16
   120     9.2      -1.09
   120     9.3      -1.02
   120     9.4      -0.95
   120     9.5      -0.90
   120     9.6      -0.84
   120     9.7      -0.79
   120     9.8      -0.74
   120     9.9      -0.70
   120    10.0      -0.66

   135     2.7   20589.88
   135     2.8   15170.95
   135     2.9   11065.45
   135     3.0    7986.63
   135     3.1    5699.39
   135     3.2    4015.52
   135     3.3    2787.07
   135     3.4    1899.16
   135     3.5    1263.70
   135     3.6     813.89
   135     3.7     499.50
   135     3.8     282.96
   135     3.9     136.56
   135     4.0      39.96
   135     4.1     -21.68
   135     4.2     -59.08
   135     4.3     -79.92
   135     4.4     -89.67
   135     4.5     -92.20
   135     4.6     -90.18
   135     4.7     -85.47
   135     4.8     -79.30
   135     4.9     -72.51
   135     5.0     -65.64
   135     5.1     -59.01
   135     5.2     -52.79
   135     5.3     -47.09
   135     5.4     -41.93
   135     5.5     -37.31
   135     5.6     -33.20
   135     5.7     -29.56
   135     5.8     -26.34
   135     5.9     -23.50
   135     6.0     -20.99
   135     6.1     -18.78
   135     6.2     -16.83
   135     6.3     -15.11
   135     6.4     -13.59
   135     6.5     -12.24
   135     6.6     -11.04
   135     6.7      -9.98
   135     6.8      -9.04
   135     6.9      -8.19
   135     7.0      -7.44
   135     7.1      -6.77
   135     7.2      -6.17
   135     7.3      -5.63
   135     7.4      -5.15
   135     7.5      -4.72
   135     7.6      -4.33
   135     7.7      -3.98
   135     7.8      -3.65
   135     7.9      -3.36
   135     8.0      -3.10
   135     8.1      -2.86
   135     8.2      -2.65
   135     8.3      -2.45
   135     8.4      -2.27
   135     8.5      -2.10
   135     8.6      -1.95
   135     8.7      -1.81
   135     8.8      -1.69
   135     8.9      -1.57
   135     9.0      -1.46
   135     9.1      -1.37
   135     9.2      -1.28
   135     9.3      -1.19
   135     9.4      -1.12
   135     9.5      -1.05
   135     9.6      -0.98
   135     9.7      -0.92
   135     9.8      -0.86
   135     9.9      -0.81
   135    10.0      -0.76

   150     2.7   48824.37
   150     2.8   36840.19
   150     2.9   27411.30
   150     3.0   20145.32
   150     3.1   14638.86
   150     3.2   10521.87
   150     3.3    7478.65
   150     3.4    5251.95
   150     3.5    3638.17
   150     3.6    2479.43
   150     3.7    1655.51
   150     3.8    1075.74
   150     3.9     672.47
   150     4.0     395.78
   150     4.1     208.97
   150     4.2      85.49
   150     4.3       6.17
   150     4.4     -42.74
   150     4.5     -70.93
   150     4.6     -85.28
   150     4.7     -90.55
   150     4.8     -90.13
   150     4.9     -86.29
   150     5.0     -80.54
   150     5.1     -73.89
   150     5.2     -66.99
   150     5.3     -60.24
   150     5.4     -53.87
   150     5.5     -48.01
   150     5.6     -42.70
   150     5.7     -37.95
   150     5.8     -33.72
   150     5.9     -29.98
   150     6.0     -26.68
   150     6.1     -23.78
   150     6.2     -21.22
   150     6.3     -18.98
   150     6.4     -17.00
   150     6.5     -15.25
   150     6.6     -13.71
   150     6.7     -12.34
   150     6.8     -11.12
   150     6.9     -10.05
   150     7.0      -9.10
   150     7.1      -8.25
   150     7.2      -7.50
   150     7.3      -6.82
   150     7.4      -6.22
   150     7.5      -5.68
   150     7.6      -5.20
   150     7.7      -4.75
   150     7.8      -4.36
   150     7.9      -4.01
   150     8.0      -3.68
   150     8.1      -3.39
   150     8.2      -3.13
   150     8.3      -2.89
   150     8.4      -2.67
   150     8.5      -2.47
   150     8.6      -2.29
   150     8.7      -2.12
   150     8.8      -1.97
   150     8.9      -1.83
   150     9.0      -1.70
   150     9.1      -1.59
   150     9.2      -1.48
   150     9.3      -1.38
   150     9.4      -1.29
   150     9.5      -1.21
   150     9.6      -1.13
   150     9.7      -1.06
   150     9.8      -0.99
   150     9.9      -0.93
   150    10.0      -0.87

   165     2.7   91316.01
   165     2.8   70144.20
   165     2.9   52792.11
   165     3.0   39081.41
   165     3.1   28545.81
   165     3.2   20612.79
   165     3.3   14729.77
   165     3.4   10418.82
   165     3.5    7291.32
   165     3.6    5042.63
   165     3.7    3439.72
   165     3.8    2307.04
   165     3.9    1513.96
   165     4.0     964.21
   165     4.1     587.61
   165     4.2     333.21
   165     4.3     164.29
   165     4.4      54.71
   165     4.5     -14.10
   165     4.6     -55.21
   165     4.7     -77.75
   165     4.8     -88.16
   165     4.9     -90.80
   165     5.0     -88.66
   165     5.1     -83.75
   165     5.2     -77.41
   165     5.3     -70.50
   165     5.4     -63.56
   165     5.5     -56.91
   165     5.6     -50.73
   165     5.7     -45.09
   165     5.8     -40.03
   165     5.9     -35.52
   165     6.0     -31.54
   165     6.1     -28.02
   165     6.2     -24.94
   165     6.3     -22.23
   165     6.4     -19.85
   165     6.5     -17.76
   165     6.6     -15.91
   165     6.7     -14.29
   165     6.8     -12.86
   165     6.9     -11.59
   165     7.0     -10.46
   165     7.1      -9.47
   165     7.2      -8.58
   165     7.3      -7.79
   165     7.4      -7.08
   165     7.5      -6.45
   165     7.6      -5.89
   165     7.7      -5.39
   165     7.8      -4.93
   165     7.9      -4.52
   165     8.0      -4.15
   165     8.1      -3.81
   165     8.2      -3.51
   165     8.3      -3.23
   165     8.4      -2.98
   165     8.5      -2.76
   165     8.6      -2.55
   165     8.7      -2.36
   165     8.8      -2.19
   165     8.9      -2.03
   165     9.0      -1.89
   165     9.1      -1.76
   165     9.2      -1.64
   165     9.3      -1.53
   165     9.4      -1.42
   165     9.5      -1.33
   165     9.6      -1.24
   165     9.7      -1.16
   165     9.8      -1.09
   165     9.9      -1.02
   165    10.0      -0.96

   180     2.7  117324.57 
   180     2.8   90359.42
   180     2.9   67938.12 
   180     3.0   50213.98 
   180     3.1   36619.58 
   180     3.2   26409.61 
   180     3.3   18857.99 
   180     3.4   13338.50 
   180     3.5    9343.27 
   180     3.6    6475.96 
   180     3.7    4434.61 
   180     3.8    2992.91 
   180     3.9    1983.21 
   180     4.0    1282.52 
   180     4.1     801.27 
   180     4.2     474.76 
   180     4.3     256.57 
   180     4.4     113.46 
   180     4.5      22.07 
   180     4.6     -34.08 
   180     4.7     -66.52 
   180     4.8     -83.29 
   180     4.9     -89.92 
   180     5.0     -90.14 
   180     5.1     -86.55 
   180     5.2     -80.86 
   180     5.3     -74.16 
   180     5.4     -67.17 
   180     5.5     -60.32 
   180     5.6     -53.87 
   180     5.7     -47.93 
   180     5.8     -42.55 
   180     5.9     -37.75 
   180     6.0     -33.49 
   180     6.1     -29.73 
   180     6.2     -26.43 
   180     6.3     -23.53 
   180     6.4     -20.99 
   180     6.5     -18.76 
   180     6.6     -16.79 
   180     6.7     -15.06 
   180     6.8     -13.54 
   180     6.9     -12.19 
   180     7.0     -11.00 
   180     7.1      -9.94 
   180     7.2      -9.00 
   180     7.3      -8.17 
   180     7.4      -7.42 
   180     7.5      -6.76 
   180     7.6      -6.16 
   180     7.7      -5.63 
   180     7.8      -5.15 
   180     7.9      -4.72 
   180     8.0      -4.33 
   180     8.1      -3.97 
   180     8.2      -3.66 
   180     8.3      -3.37 
   180     8.4      -3.11 
   180     8.5      -2.87 
   180     8.6      -2.65 
   180     8.7      -2.45 
   180     8.8      -2.27 
   180     8.9      -2.11 
   180     9.0      -1.96 
   180     9.1      -1.82 
   180     9.2      -1.70 
   180     9.3      -1.58 
   180     9.4      -1.47 
   180     9.5      -1.38 
   180     9.6      -1.29 
   180     9.7      -1.20 
   180     9.8      -1.13 
   180     9.9      -1.06 
   180    10.0      -0.99 
