#  theta    R       E_CP
    0      2.7    77306.73
    0      2.8    55618.09
    0      2.9    39475.51
    0      3.0    27711.64
    0      3.1    19263.68
    0      3.2    13263.86
    0      3.3     9041.55
    0      3.4     6093.95
    0      3.5     4052.66
    0      3.6     2650.63
    0      3.7     1695.88
    0      3.8     1052.23
    0      3.9      623.37
    0      4.0      341.77
    0      4.1      160.25
    0      4.2       46.26
    0      4.3      -22.76
    0      4.4      -62.15
    0      4.5      -82.35
    0      4.6      -90.46
    0      4.7      -91.07
    0      4.8      -87.37
    0      4.9      -81.35
    0      5.0      -74.30
    0      5.1      -67.01
    0      5.2      -59.95
    0      5.3      -53.35
    0      5.4      -47.34
    0      5.5      -41.94
    0      5.6      -37.15
    0      5.7      -32.92
    0      5.8      -29.20
    0      5.9      -25.94
    0      6.0      -23.07
    0      6.1      -20.56
    0      6.2      -18.35
    0      6.3      -16.41
    0      6.4      -14.70
    0      6.5      -13.20
    0      6.6      -11.87
    0      6.7      -10.70
    0      6.8       -9.67
    0      6.9       -8.75
    0      7.0       -7.93
    0      7.1       -7.20
    0      7.2       -6.55
    0      7.3       -5.97
    0      7.4       -5.45
    0      7.5       -4.98
    0      7.6       -4.56
    0      7.7       -4.18
    0      7.8       -3.84
    0      7.9       -3.53
    0      8.0       -3.25
    0      8.1       -3.00
    0      8.2       -2.77
    0      8.3       -2.56
    0      8.4       -2.37
    0      8.5       -2.19
    0      8.6       -2.04
    0      8.7       -1.89
    0      8.8       -1.76
    0      8.9       -1.64
    0      9.0       -1.53
    0      9.1       -1.42
    0      9.2       -1.33
    0      9.3       -1.24
    0      9.4       -1.16
    0      9.5       -1.09
    0      9.6       -1.02
    0      9.7       -0.96
    0      9.8       -0.90
    0      9.9       -0.85
    0     10.0       -0.80

    15     2.7    51392.38
    15     2.8    40883.72
    15     2.9    29852.47
    15     3.0    21233.89
    15     3.1    14859.80
    15     3.2    10264.00
    15     3.3     7000.19
    15     3.4     4709.33
    15     3.5     3117.58
    15     3.6     2022.49
    15     3.7     1277.08
    15     3.8      775.31
    15     3.9      442.23
    15     4.0      224.99
    15     4.1       86.34
    15     4.2        0.67
    15     4.3      -49.78
    15     4.4      -77.16
    15     4.5      -89.74
    15     4.6      -93.09
    15     4.7      -90.90
    15     4.8      -85.61
    15     4.9      -78.79
    15     5.0      -71.42
    15     5.1      -64.09
    15     5.2      -57.15
    15     5.3      -50.78
    15     5.4      -44.99
    15     5.5      -39.85
    15     5.6      -35.28
    15     5.7      -31.27
    15     5.8      -27.74
    15     5.9      -24.64
    15     6.0      -21.93
    15     6.1      -19.55
    15     6.2      -17.46
    15     6.3      -15.62
    15     6.4      -14.01
    15     6.5      -12.58
    15     6.6      -11.33
    15     6.7      -10.22
    15     6.8       -9.23
    15     6.9       -8.36
    15     7.0       -7.58
    15     7.1       -6.89
    15     7.2       -6.27
    15     7.3       -5.71
    15     7.4       -5.21
    15     7.5       -4.76
    15     7.6       -4.36
    15     7.7       -3.99
    15     7.8       -3.66
    15     7.9       -3.37
    15     8.0       -3.10
    15     8.1       -2.85
    15     8.2       -2.63
    15     8.3       -2.43
    15     8.4       -2.24
    15     8.5       -2.07
    15     8.6       -1.92
    15     8.7       -1.78
    15     8.8       -1.65
    15     8.9       -1.54
    15     9.0       -1.43
    15     9.1       -1.33
    15     9.2       -1.24
    15     9.3       -1.15
    15     9.4       -1.08
    15     9.5       -1.01
    15     9.6       -0.94
    15     9.7       -0.88
    15     9.8       -0.82
    15     9.9       -0.77
    15    10.0       -0.72

    30     2.7    28777.33
    30     2.8    21160.47
    30     2.9    15215.96
    30     3.0    10751.93
    30     3.1     7480.23
    30     3.2     5124.60
    30     3.3     3451.99
    30     3.4     2278.99
    30     3.5     1466.13
    30     3.6      910.22
    30     3.7      535.14
    30     3.8      286.40
    30     3.9      124.88
    30     4.0       22.97
    30     4.1      -38.71
    30     4.2      -73.63
    30     4.3      -91.08
    30     4.4      -97.39
    30     4.5      -96.87
    30     4.6      -92.40
    30     4.7      -85.80
    30     4.8      -78.28
    30     4.9      -70.58
    30     5.0      -63.14
    30     5.1      -56.20
    30     5.2      -49.87
    30     5.3      -44.18
    30     5.4      -39.12
    30     5.5      -34.65
    30     5.6      -30.72
    30     5.7      -27.26
    30     5.8      -24.23
    30     5.9      -21.58
    30     6.0      -19.25
    30     6.1      -17.20
    30     6.2      -15.40
    30     6.3      -13.84
    30     6.4      -12.44
    30     6.5      -11.20
    30     6.6      -10.11
    30     6.7       -9.14
    30     6.8       -8.29
    30     6.9       -7.52
    30     7.0       -6.84
    30     7.1       -6.22
    30     7.2       -5.68
    30     7.3       -5.19
    30     7.4       -4.75
    30     7.5       -4.35
    30     7.6       -4.00
    30     7.7       -3.67
    30     7.8       -3.38
    30     7.9       -3.12
    30     8.0       -2.87
    30     8.1       -2.65
    30     8.2       -2.45
    30     8.3       -2.27
    30     8.4       -2.10
    30     8.5       -1.95
    30     8.6       -1.81
    30     8.7       -1.69
    30     8.8       -1.57
    30     8.9       -1.46
    30     9.0       -1.37
    30     9.1       -1.28
    30     9.2       -1.19
    30     9.3       -1.12
    30     9.4       -1.05
    30     9.5       -0.98
    30     9.6       -0.92
    30     9.7       -0.87
    30     9.8       -0.81
    30     9.9       -0.77
    30    10.0       -0.72

    45     2.7    12348.74
    45     2.8     8767.39
    45     2.9     6126.62
    45     3.0     4211.08
    45     3.1     2840.28
    45     3.2     1871.83
    45     3.3     1196.30
    45     3.4      731.80
    45     3.5      417.30
    45     3.6      208.37
    45     3.7       72.89
    45     3.8      -12.02
    45     3.9      -62.62
    45     4.0      -90.30
    45     4.1     -103.01
    45     4.2     -106.23
    45     4.3     -103.63
    45     4.4      -97.73
    45     4.5      -90.13
    45     4.6      -81.91
    45     4.7      -73.68
    45     4.8      -65.83
    45     4.9      -58.56
    45     5.0      -51.95
    45     5.1      -46.02
    45     5.2      -40.75
    45     5.3      -36.09
    45     5.4      -31.98
    45     5.5      -28.38
    45     5.6      -25.22
    45     5.7      -22.45
    45     5.8      -20.01
    45     5.9      -17.88
    45     6.0      -16.00
    45     6.1      -14.35
    45     6.2      -12.89
    45     6.3      -11.61
    45     6.4      -10.47
    45     6.5       -9.46
    45     6.6       -8.57
    45     6.7       -7.78
    45     6.8       -7.07
    45     6.9       -6.43
    45     7.0       -5.87
    45     7.1       -5.35
    45     7.2       -4.90
    45     7.3       -4.49
    45     7.4       -4.12
    45     7.5       -3.78
    45     7.6       -3.48
    45     7.7       -3.21
    45     7.8       -2.96
    45     7.9       -2.73
    45     8.0       -2.52
    45     8.1       -2.33
    45     8.2       -2.16
    45     8.3       -2.00
    45     8.4       -1.86
    45     8.5       -1.73
    45     8.6       -1.61
    45     8.7       -1.50
    45     8.8       -1.40
    45     8.9       -1.30
    45     9.0       -1.22
    45     9.1       -1.14
    45     9.2       -1.07
    45     9.3       -1.00
    45     9.4       -0.94
    45     9.5       -0.88
    45     9.6       -0.83
    45     9.7       -0.78
    45     9.8       -0.73
    45     9.9       -0.69
    45    10.0       -0.65

    60     2.7     4938.61
    60     2.8     3357.40
    60     2.9     2233.16
    60     3.0     1443.50
    60     3.1      896.14
    60     3.2      522.41
    60     3.3      271.70
    60     3.4      107.67
    60     3.5        3.12
    60     3.6      -60.39
    60     3.7      -96.28
    60     3.8     -113.87
    60     3.9     -119.73
    60     4.0     -118.25
    60     4.1     -112.47
    60     4.2     -104.35
    60     4.3      -95.24
    60     4.4      -85.92
    60     4.5      -76.93
    60     4.6      -68.51
    60     4.7      -60.81
    60     4.8      -53.86
    60     4.9      -47.66
    60     5.0      -42.17
    60     5.1      -37.32
    60     5.2      -33.06
    60     5.3      -29.32
    60     5.4      -26.04
    60     5.5      -23.17
    60     5.6      -20.65
    60     5.7      -18.44
    60     5.8      -16.50
    60     5.9      -14.79
    60     6.0      -13.28
    60     6.1      -11.96
    60     6.2      -10.78
    60     6.3       -9.74
    60     6.4       -8.82
    60     6.5       -8.00
    60     6.6       -7.27
    60     6.7       -6.62
    60     6.8       -6.02
    60     6.9       -5.50
    60     7.0       -5.03
    60     7.1       -4.61
    60     7.2       -4.22
    60     7.3       -3.88
    60     7.4       -3.57
    60     7.5       -3.28
    60     7.6       -3.02
    60     7.7       -2.79
    60     7.8       -2.58
    60     7.9       -2.38
    60     8.0       -2.21
    60     8.1       -2.04
    60     8.2       -1.90
    60     8.3       -1.76
    60     8.4       -1.64
    60     8.5       -1.53
    60     8.6       -1.42
    60     8.7       -1.33
    60     8.8       -1.24
    60     8.9       -1.16
    60     9.0       -1.08
    60     9.1       -1.02
    60     9.2       -0.95
    60     9.3       -0.89
    60     9.4       -0.84
    60     9.5       -0.79
    60     9.6       -0.74
    60     9.7       -0.70
    60     9.8       -0.66
    60     9.9       -0.62
    60    10.0       -0.59

    75     2.7     2137.65
    75     2.8     1357.00
    75     2.9      819.53
    75     3.0      455.56
    75     3.1      213.95
    75     3.2       58.11
    75     3.3      -39.07
    75     3.4      -96.18
    75     3.5     -126.70
    75     3.6     -139.77
    75     3.7     -141.79
    75     3.8     -137.09
    75     3.9     -128.59
    75     4.0     -118.20
    75     4.1     -107.16
    75     4.2      -96.22
    75     4.3      -85.83
    75     4.4      -76.21
    75     4.5      -67.49
    75     4.6      -59.66
    75     4.7      -52.71
    75     4.8      -46.56
    75     4.9      -41.15
    75     5.0      -36.40
    75     5.1      -32.23
    75     5.2      -28.59
    75     5.3      -25.39
    75     5.4      -22.60
    75     5.5      -20.14
    75     5.6      -17.98
    75     5.7      -16.10
    75     5.8      -14.44
    75     5.9      -12.98
    75     6.0      -11.69
    75     6.1      -10.55
    75     6.2       -9.54
    75     6.3       -8.64
    75     6.4       -7.84
    75     6.5       -7.13
    75     6.6       -6.48
    75     6.7       -5.91
    75     6.8       -5.40
    75     6.9       -4.94
    75     7.0       -4.52
    75     7.1       -4.14
    75     7.2       -3.80
    75     7.3       -3.50
    75     7.4       -3.22
    75     7.5       -2.97
    75     7.6       -2.74
    75     7.7       -2.53
    75     7.8       -2.34
    75     7.9       -2.17
    75     8.0       -2.01
    75     8.1       -1.86
    75     8.2       -1.73
    75     8.3       -1.61
    75     8.4       -1.50
    75     8.5       -1.40
    75     8.6       -1.31
    75     8.7       -1.22
    75     8.8       -1.14
    75     8.9       -1.07
    75     9.0       -1.00
    75     9.1       -0.94
    75     9.2       -0.88
    75     9.3       -0.83
    75     9.4       -0.78
    75     9.5       -0.73
    75     9.6       -0.69
    75     9.7       -0.65
    75     9.8       -0.61
    75     9.9       -0.58
    75    10.0       -0.55

    90     2.7     1285.81
    90     2.8      757.03
    90     2.9      399.96
    90     3.0      164.57
    90     3.1       14.08
    90     3.2      -78.04
    90     3.3     -130.60
    90     3.4     -156.90
    90     3.5     -166.14
    90     3.6     -164.79
    90     3.7     -157.12
    90     3.8     -145.99
    90     3.9     -133.32
    90     4.0     -120.27
    90     4.1     -107.58
    90     4.2      -95.67
    90     4.3      -84.74
    90     4.4      -74.88
    90     4.5      -66.07
    90     4.6      -58.26
    90     4.7      -51.39
    90     4.8      -45.34
    90     4.9      -40.05
    90     5.0      -35.41
    90     5.1      -31.36
    90     5.2      -27.81
    90     5.3      -24.71
    90     5.4      -21.99
    90     5.5      -19.61
    90     5.6      -17.53
    90     5.7      -15.70
    90     5.8      -14.08
    90     5.9      -12.66
    90     6.0      -11.41
    90     6.1      -10.30
    90     6.2       -9.32
    90     6.3       -8.44
    90     6.4       -7.66
    90     6.5       -6.97
    90     6.6       -6.35
    90     6.7       -5.79
    90     6.8       -5.29
    90     6.9       -4.84
    90     7.0       -4.43
    90     7.1       -4.07
    90     7.2       -3.73
    90     7.3       -3.43
    90     7.4       -3.16
    90     7.5       -2.92
    90     7.6       -2.69
    90     7.7       -2.49
    90     7.8       -2.30
    90     7.9       -2.13
    90     8.0       -1.98
    90     8.1       -1.84
    90     8.2       -1.71
    90     8.3       -1.59
    90     8.4       -1.48
    90     8.5       -1.38
    90     8.6       -1.29
    90     8.7       -1.20
    90     8.8       -1.12
    90     8.9       -1.05
    90     9.0       -0.99
    90     9.1       -0.92
    90     9.2       -0.87
    90     9.3       -0.82
    90     9.4       -0.77
    90     9.5       -0.72
    90     9.6       -0.68
    90     9.7       -0.64
    90     9.8       -0.60
    90     9.9       -0.57
    90    10.0       -0.54

   105     2.7     1659.95
   105     2.8     1031.26
   105     2.9      596.37
   105     3.0      301.38
   105     3.1      106.16
   105     3.2      -18.85
   105     3.3      -95.22
   105     3.4     -138.28
   105     3.5     -159.22
   105     3.6     -165.63
   105     3.7     -162.91
   105     3.8     -154.74
   105     3.9     -143.58
   105     4.0     -131.10
   105     4.1     -118.33
   105     4.2     -105.94
   105     4.3      -94.30
   105     4.4      -83.61
   105     4.5      -73.94
   105     4.6      -65.29
   105     4.7      -57.62
   105     4.8      -50.84
   105     4.9      -44.89
   105     5.0      -39.67
   105     5.1      -35.10
   105     5.2      -31.10
   105     5.3      -27.60
   105     5.4      -24.54
   105     5.5      -21.85
   105     5.6      -19.51
   105     5.7      -17.44
   105     5.8      -15.63
   105     5.9      -14.04
   105     6.0      -12.63
   105     6.1      -11.39
   105     6.2      -10.30
   105     6.3       -9.32
   105     6.4       -8.45
   105     6.5       -7.67
   105     6.6       -6.98
   105     6.7       -6.36
   105     6.8       -5.80
   105     6.9       -5.29
   105     7.0       -4.84
   105     7.1       -4.44
   105     7.2       -4.07
   105     7.3       -3.74
   105     7.4       -3.44
   105     7.5       -3.17
   105     7.6       -2.92
   105     7.7       -2.70
   105     7.8       -2.49
   105     7.9       -2.31
   105     8.0       -2.14
   105     8.1       -1.98
   105     8.2       -1.84
   105     8.3       -1.71
   105     8.4       -1.59
   105     8.5       -1.48
   105     8.6       -1.38
   105     8.7       -1.29
   105     8.8       -1.21
   105     8.9       -1.13
   105     9.0       -1.06
   105     9.1       -0.99
   105     9.2       -0.93
   105     9.3       -0.87
   105     9.4       -0.82
   105     9.5       -0.77
   105     9.6       -0.72
   105     9.7       -0.68
   105     9.8       -0.64
   105     9.9       -0.61
   105    10.0       -0.57

   120     2.7     4049.51
   120     2.8     2811.72
   120     2.9     1907.48
   120     3.0     1254.18
   120     3.1      788.24
   120     3.2      460.99
   120     3.3      235.44
   120     3.4       83.59
   120     3.5      -15.50
   120     3.6      -77.33
   120     3.7     -113.10
   120     3.8     -131.22
   120     3.9     -137.44
   120     4.0     -136.09
   120     4.1     -129.98
   120     4.2     -121.27
   120     4.3     -111.20
   120     4.4     -100.80
   120     4.5      -90.56
   120     4.6      -80.91
   120     4.7      -71.96
   120     4.8      -63.82
   120     4.9      -56.52
   120     5.0      -50.01
   120     5.1      -44.26
   120     5.2      -39.18
   120     5.3      -34.72
   120     5.4      -30.81
   120     5.5      -27.38
   120     5.6      -24.36
   120     5.7      -21.72
   120     5.8      -19.39
   120     5.9      -17.35
   120     6.0      -15.56
   120     6.1      -13.98
   120     6.2      -12.58
   120     6.3      -11.35
   120     6.4      -10.25
   120     6.5       -9.26
   120     6.6       -8.40
   120     6.7       -7.63
   120     6.8       -6.95
   120     6.9       -6.34
   120     7.0       -5.80
   120     7.1       -5.30
   120     7.2       -4.85
   120     7.3       -4.44
   120     7.4       -4.08
   120     7.5       -3.75
   120     7.6       -3.44
   120     7.7       -3.17
   120     7.8       -2.93
   120     7.9       -2.70
   120     8.0       -2.50
   120     8.1       -2.31
   120     8.2       -2.14
   120     8.3       -1.99
   120     8.4       -1.85
   120     8.5       -1.72
   120     8.6       -1.60
   120     8.7       -1.49
   120     8.8       -1.39
   120     8.9       -1.30
   120     9.0       -1.21
   120     9.1       -1.13
   120     9.2       -1.06
   120     9.3       -0.99
   120     9.4       -0.93
   120     9.5       -0.88
   120     9.6       -0.82
   120     9.7       -0.77
   120     9.8       -0.73
   120     9.9       -0.69
   120    10.0       -0.65

   135     2.7    11423.96
   135     2.8     8555.11
   135     2.9     6334.03
   135     3.0     4619.40
   135     3.1     3308.00
   135     3.2     2318.33
   135     3.3     1582.95
   135     3.4     1045.50
   135     3.5      659.12
   135     3.6      386.63
   135     3.7      198.39
   135     3.8       71.62
   135     3.9      -11.04
   135     4.0      -62.49
   135     4.1      -92.19
   135     4.2     -107.08
   135     4.3     -112.18
   135     4.4     -110.95
   135     4.5     -105.91
   135     4.6      -98.70
   135     4.7      -90.48
   135     4.8      -81.99
   135     4.9      -73.69
   135     5.0      -65.86
   135     5.1      -58.64
   135     5.2      -52.09
   135     5.3      -46.21
   135     5.4      -40.98
   135     5.5      -36.35
   135     5.6      -32.27
   135     5.7      -28.67
   135     5.8      -25.52
   135     5.9      -22.74
   135     6.0      -20.31
   135     6.1      -18.16
   135     6.2      -16.28
   135     6.3      -14.61
   135     6.4      -13.14
   135     6.5      -11.84
   135     6.6      -10.69
   135     6.7       -9.66
   135     6.8       -8.72
   135     6.9       -7.93
   135     7.0       -7.20
   135     7.1       -6.56
   135     7.2       -5.98
   135     7.3       -5.47
   135     7.4       -5.01
   135     7.5       -4.59
   135     7.6       -4.22
   135     7.7       -3.89
   135     7.8       -3.58
   135     7.9       -3.30
   135     8.0       -3.04
   135     8.1       -2.80
   135     8.2       -2.59
   135     8.3       -2.39
   135     8.4       -2.22
   135     8.5       -2.06
   135     8.6       -1.91
   135     8.7       -1.77
   135     8.8       -1.65
   135     8.9       -1.54
   135     9.0       -1.43
   135     9.1       -1.34
   135     9.2       -1.25
   135     9.3       -1.17
   135     9.4       -1.10
   135     9.5       -1.03
   135     9.6       -0.96
   135     9.7       -0.90
   135     9.8       -0.85
   135     9.9       -0.80
   135    10.0       -0.75

   150     2.7    28311.31
   150     2.8    22047.25
   150     2.9    17254.31
   150     3.0    13414.18
   150     3.1    10241.53
   150     3.2     7640.51
   150     3.3     5569.24
   150     3.4     3970.74
   150     3.5     2768.75
   150     3.6     1884.77
   150     3.7     1246.60
   150     3.8      793.73
   150     3.9      477.85
   150     4.0      261.62
   150     4.1      116.79
   150     4.2       22.45
   150     4.3      -36.60
   150     4.4      -71.46
   150     4.5      -89.94
   150     4.6      -97.62
   150     4.7      -98.39
   150     4.8      -94.90
   150     4.9      -88.99
   150     5.0      -81.91
   150     5.1      -74.40
   150     5.2      -66.98
   150     5.3      -59.91
   150     5.4      -53.37
   150     5.5      -47.43
   150     5.6      -42.09
   150     5.7      -37.34
   150     5.8      -33.14
   150     5.9      -29.44
   150     6.0      -26.19
   150     6.1      -23.33
   150     6.2      -20.82
   150     6.3      -18.61
   150     6.4      -16.65
   150     6.5      -14.95
   150     6.6      -13.43
   150     6.7      -12.10
   150     6.8      -10.91
   150     6.9       -9.87
   150     7.0       -8.93
   150     7.1       -8.10
   150     7.2       -7.36
   150     7.3       -6.69
   150     7.4       -6.10
   150     7.5       -5.59
   150     7.6       -5.10
   150     7.7       -4.68
   150     7.8       -4.29
   150     7.9       -3.95
   150     8.0       -3.64
   150     8.1       -3.36
   150     8.2       -3.10
   150     8.3       -2.86
   150     8.4       -2.64
   150     8.5       -2.44
   150     8.6       -2.26
   150     8.7       -2.10
   150     8.8       -1.95
   150     8.9       -1.81
   150     9.0       -1.68
   150     9.1       -1.57
   150     9.2       -1.46
   150     9.3       -1.36
   150     9.4       -1.28
   150     9.5       -1.19
   150     9.6       -1.12
   150     9.7       -1.05
   150     9.8       -0.98
   150     9.9       -0.92
   150    10.0       -0.87

   165     2.7    54552.21
   165     2.8    41915.83
   165     2.9    32904.76
   165     3.0    26550.68
   165     3.1    21789.41
   165     3.2    17332.65
   165     3.3    13051.20
   165     3.4     9473.12
   165     3.5     6720.18
   165     3.6     4681.47
   165     3.7     3204.30
   165     3.8     2150.66
   165     3.9     1408.84
   165     4.0      893.07
   165     4.1      539.32
   165     4.2      300.41
   165     4.3      142.07
   165     4.4       39.74
   165     4.5      -24.10
   165     4.6      -61.82
   165     4.7      -82.05
   165     4.8      -90.90
   165     4.9      -92.46
   165     5.0      -89.62
   165     5.1      -84.26
   165     5.2      -77.62
   165     5.3      -70.53
   165     5.4      -63.48
   165     5.5      -56.77
   165     5.6      -50.56
   165     5.7      -44.90
   165     5.8      -39.84
   165     5.9      -35.34
   165     6.0      -31.37
   165     6.1      -27.87
   165     6.2      -24.80
   165     6.3      -22.10
   165     6.4      -19.73
   165     6.5      -17.65
   165     6.6      -15.82
   165     6.7      -14.21
   165     6.8      -12.78
   165     6.9      -11.52
   165     7.0      -10.41
   165     7.1       -9.42
   165     7.2       -8.53
   165     7.3       -7.75
   165     7.4       -7.04
   165     7.5       -6.42
   165     7.6       -5.86
   165     7.7       -5.36
   165     7.8       -4.90
   165     7.9       -4.50
   165     8.0       -4.13
   165     8.1       -3.80
   165     8.2       -3.52
   165     8.3       -3.23
   165     8.4       -2.98
   165     8.5       -2.75
   165     8.6       -2.54
   165     8.7       -2.35
   165     8.8       -2.18
   165     8.9       -2.03
   165     9.0       -1.88
   165     9.1       -1.75
   165     9.2       -1.63
   165     9.3       -1.52
   165     9.4       -1.42
   165     9.5       -1.33
   165     9.6       -1.24
   165     9.7       -1.16
   165     9.8       -1.09
   165     9.9       -1.02
   165    10.0       -0.96

   180     2.7   117324.57
   180     2.8    90359.42
   180     2.9    67938.12
   180     3.0    50213.98
   180     3.1    36619.58
   180     3.2    26409.61
   180     3.3    18857.99
   180     3.4    13338.50
   180     3.5     9343.27
   180     3.6     6475.96
   180     3.7     4434.61
   180     3.8     2992.91
   180     3.9     1983.21
   180     4.0     1282.52
   180     4.1      801.27
   180     4.2      474.76
   180     4.3      256.57
   180     4.4      113.46
   180     4.5       22.07
   180     4.6      -34.08
   180     4.7      -66.52
   180     4.8      -83.29
   180     4.9      -89.92
   180     5.0      -90.14
   180     5.1      -86.55
   180     5.2      -80.86
   180     5.3      -74.16
   180     5.4      -67.17
   180     5.5      -60.32
   180     5.6      -53.87
   180     5.7      -47.93
   180     5.8      -42.55
   180     5.9      -37.75
   180     6.0      -33.49
   180     6.1      -29.73
   180     6.2      -26.43
   180     6.3      -23.53
   180     6.4      -20.99
   180     6.5      -18.76
   180     6.6      -16.79
   180     6.7      -15.06
   180     6.8      -13.54
   180     6.9      -12.19
   180     7.0      -11.00
   180     7.1       -9.94
   180     7.2       -9.00
   180     7.3       -8.17
   180     7.4       -7.42
   180     7.5       -6.76
   180     7.6       -6.16
   180     7.7       -5.63
   180     7.8       -5.15
   180     7.9       -4.72
   180     8.0       -4.33
   180     8.1       -3.97
   180     8.2       -3.66
   180     8.3       -3.37
   180     8.4       -3.11
   180     8.5       -2.87
   180     8.6       -2.65
   180     8.7       -2.45
   180     8.8       -2.27
   180     8.9       -2.11
   180     9.0       -1.96
   180     9.1       -1.82
   180     9.2       -1.70
   180     9.3       -1.58
   180     9.4       -1.47
   180     9.5       -1.38
   180     9.6       -1.29
   180     9.7       -1.20
   180     9.8       -1.13
   180     9.9       -1.06
   180    10.0       -0.99
