        9.69901
       -1.75665
       -0.17182
        0.01498
       -0.79544
       -0.04972
        0.01598
        0.00481
        3.67815
        0.13079
       -0.08813
       -0.01736
        1.41618
       -0.09071
       -0.05646
       -0.00360
        0.65929
       -0.40608
        0.10190
       -0.00634
        0.30535
        0.10315
       -0.03884
        0.00270
       10.00903
        0.38275
        1.94868
       -0.50988
        0.18049
        0.02487
       -2.82818
       -0.12762
       -0.06349
        0.03899
       -0.04477
        0.00098
    -3166.91680
    -1595.36420
     2999.09349
     1056.89229
