        8.54144
       -4.47384
        0.79562
       -0.05092
       10.51008
       -6.48962
        1.32770
       -0.09202
        8.77647
       -4.54065
        0.80962
       -0.05102
        5.04078
       -2.54747
        0.41106
       -0.02095
        1.57009
       -1.04641
        0.24636
       -0.01946
        0.51619
       -0.13782
        0.00298
        0.00090
       10.21558
       -1.05721
        1.57876
       -0.64760
        0.74955
       -0.06857
       -2.45196
        0.15105
       -0.00765
        0.07427
       -0.16511
        0.02101
    -2961.59222
    -1279.44274
     6395.23161
     2377.46843
