     0.0     4.2       46.26
     0.0     4.3      -22.76
     0.0     4.4      -62.15
     0.0     4.5      -82.35
     0.0     4.6      -90.46
     0.0     4.7      -91.07
     0.0     4.8      -87.37
     0.0     4.9      -81.35
     0.0     5.0      -74.30
     0.0     5.1      -67.01
     0.0     5.2      -59.95
     0.0     5.3      -53.35
     0.0     5.4      -47.34
     0.0     5.5      -41.94
     0.0     5.6      -37.15
     0.0     5.7      -32.92
     0.0     5.8      -29.20
     0.0     5.9      -25.94
     0.0     6.0      -23.07
     0.0     6.1      -20.56
     0.0     6.2      -18.35
     0.0     6.3      -16.41
     0.0     6.4      -14.70
     0.0     6.5      -13.20
     0.0     6.6      -11.87
     0.0     6.7      -10.70
     0.0     6.8       -9.67
     0.0     6.9       -8.75
     0.0     7.0       -7.93
     0.0     8.0       -3.25
     0.0     9.0       -1.53
     0.0    10.0       -0.80
    15.0     4.1       86.34
    15.0     4.2        0.67
    15.0     4.3      -49.78
    15.0     4.4      -77.16
    15.0     4.5      -89.74
    15.0     4.6      -93.09
    15.0     4.7      -90.90
    15.0     4.8      -85.61
    15.0     4.9      -78.79
    15.0     5.0      -71.42
    15.0     5.1      -64.09
    15.0     5.2      -57.15
    15.0     5.3      -50.78
    15.0     5.4      -44.99
    15.0     5.5      -39.85
    15.0     5.6      -35.28
    15.0     5.7      -31.27
    15.0     5.8      -27.74
    15.0     5.9      -24.64
    15.0     6.0      -21.93
    15.0     6.1      -19.55
    15.0     6.2      -17.46
    15.0     6.3      -15.62
    15.0     6.4      -14.01
    15.0     6.5      -12.58
    15.0     6.6      -11.33
    15.0     6.7      -10.22
    15.0     6.8       -9.23
    15.0     6.9       -8.36
    15.0     7.0       -7.58
    15.0     8.0       -3.10
    15.0     9.0       -1.43
    15.0    10.0       -0.72
    30.0     4.0       22.97
    30.0     4.1      -38.71
    30.0     4.2      -73.63
    30.0     4.3      -91.08
    30.0     4.4      -97.39
    30.0     4.5      -96.87
    30.0     4.6      -92.40
    30.0     4.7      -85.80
    30.0     4.8      -78.28
    30.0     4.9      -70.58
    30.0     5.0      -63.14
    30.0     5.1      -56.20
    30.0     5.2      -49.87
    30.0     5.3      -44.18
    30.0     5.4      -39.12
    30.0     5.5      -34.65
    30.0     5.6      -30.72
    30.0     5.7      -27.26
    30.0     5.8      -24.23
    30.0     5.9      -21.58
    30.0     6.0      -19.25
    30.0     6.1      -17.20
    30.0     6.2      -15.40
    30.0     6.3      -13.84
    30.0     6.4      -12.44
    30.0     6.5      -11.20
    30.0     6.6      -10.11
    30.0     6.7       -9.14
    30.0     6.8       -8.29
    30.0     6.9       -7.52
    30.0     7.0       -6.84
    30.0     8.0       -2.87
    30.0     9.0       -1.37
    30.0    10.0       -0.72
    45.0     3.7       72.89
    45.0     3.8      -12.02
    45.0     3.9      -62.62
    45.0     4.0      -90.30
    45.0     4.1     -103.01
    45.0     4.2     -106.23
    45.0     4.3     -103.63
    45.0     4.4      -97.73
    45.0     4.5      -90.13
    45.0     4.6      -81.91
    45.0     4.7      -73.68
    45.0     4.8      -65.83
    45.0     4.9      -58.56
    45.0     5.0      -51.95
    45.0     5.1      -46.02
    45.0     5.2      -40.75
    45.0     5.3      -36.09
    45.0     5.4      -31.98
    45.0     5.5      -28.38
    45.0     5.6      -25.22
    45.0     5.7      -22.45
    45.0     5.8      -20.01
    45.0     5.9      -17.88
    45.0     6.0      -16.00
    45.0     6.1      -14.35
    45.0     6.2      -12.89
    45.0     6.3      -11.61
    45.0     6.4      -10.47
    45.0     6.5       -9.46
    45.0     6.6       -8.57
    45.0     6.7       -7.78
    45.0     6.8       -7.07
    45.0     6.9       -6.43
    45.0     7.0       -5.87
    45.0     8.0       -2.52
    45.0     9.0       -1.22
    45.0    10.0       -0.65
    60.0     3.5        3.12
    60.0     3.6      -60.39
    60.0     3.7      -96.28
    60.0     3.8     -113.87
    60.0     3.9     -119.73
    60.0     4.0     -118.25
    60.0     4.1     -112.47
    60.0     4.2     -104.35
    60.0     4.3      -95.24
    60.0     4.4      -85.92
    60.0     4.5      -76.93
    60.0     4.6      -68.51
    60.0     4.7      -60.81
    60.0     4.8      -53.86
    60.0     4.9      -47.66
    60.0     5.0      -42.17
    60.0     5.1      -37.32
    60.0     5.2      -33.06
    60.0     5.3      -29.32
    60.0     5.4      -26.04
    60.0     5.5      -23.17
    60.0     5.6      -20.65
    60.0     5.7      -18.44
    60.0     5.8      -16.50
    60.0     5.9      -14.79
    60.0     6.0      -13.28
    60.0     6.1      -11.96
    60.0     6.2      -10.78
    60.0     6.3       -9.74
    60.0     6.4       -8.82
    60.0     6.5       -8.00
    60.0     6.6       -7.27
    60.0     6.7       -6.62
    60.0     6.8       -6.02
    60.0     6.9       -5.50
    60.0     7.0       -5.03
    60.0     8.0       -2.21
    60.0     9.0       -1.08
    60.0    10.0       -0.59
    75.0     3.2       58.11
    75.0     3.3      -39.07
    75.0     3.4      -96.18
    75.0     3.5     -126.70
    75.0     3.6     -139.77
    75.0     3.7     -141.79
    75.0     3.8     -137.09
    75.0     3.9     -128.59
    75.0     4.0     -118.20
    75.0     4.1     -107.16
    75.0     4.2      -96.22
    75.0     4.3      -85.83
    75.0     4.4      -76.21
    75.0     4.5      -67.49
    75.0     4.6      -59.66
    75.0     4.7      -52.71
    75.0     4.8      -46.56
    75.0     4.9      -41.15
    75.0     5.0      -36.40
    75.0     5.1      -32.23
    75.0     5.2      -28.59
    75.0     5.3      -25.39
    75.0     5.4      -22.60
    75.0     5.5      -20.14
    75.0     5.6      -17.98
    75.0     5.7      -16.10
    75.0     5.8      -14.44
    75.0     5.9      -12.98
    75.0     6.0      -11.69
    75.0     6.1      -10.55
    75.0     6.2       -9.54
    75.0     6.3       -8.64
    75.0     6.4       -7.84
    75.0     6.5       -7.13
    75.0     6.6       -6.48
    75.0     6.7       -5.91
    75.0     6.8       -5.40
    75.0     6.9       -4.94
    75.0     7.0       -4.52
    75.0     8.0       -2.01
    75.0     9.0       -1.00
    75.0    10.0       -0.55
    90.0     3.1       14.08
    90.0     3.2      -78.04
    90.0     3.3     -130.60
    90.0     3.4     -156.90
    90.0     3.5     -166.14
    90.0     3.6     -164.79
    90.0     3.7     -157.12
    90.0     3.8     -145.99
    90.0     3.9     -133.32
    90.0     4.0     -120.27
    90.0     4.1     -107.58
    90.0     4.2      -95.67
    90.0     4.3      -84.74
    90.0     4.4      -74.88
    90.0     4.5      -66.07
    90.0     4.6      -58.26
    90.0     4.7      -51.39
    90.0     4.8      -45.34
    90.0     4.9      -40.05
    90.0     5.0      -35.41
    90.0     5.1      -31.36
    90.0     5.2      -27.81
    90.0     5.3      -24.71
    90.0     5.4      -21.99
    90.0     5.5      -19.61
    90.0     5.6      -17.53
    90.0     5.7      -15.70
    90.0     5.8      -14.08
    90.0     5.9      -12.66
    90.0     6.0      -11.41
    90.0     6.1      -10.30
    90.0     6.2       -9.32
    90.0     6.3       -8.44
    90.0     6.4       -7.66
    90.0     6.5       -6.97
    90.0     6.6       -6.35
    90.0     6.7       -5.79
    90.0     6.8       -5.29
    90.0     6.9       -4.84
    90.0     7.0       -4.43
    90.0     8.0       -1.98
    90.0     9.0       -0.99
    90.0    10.0       -0.54
   105.0     3.2      -18.85
   105.0     3.3      -95.22
   105.0     3.4     -138.28
   105.0     3.5     -159.22
   105.0     3.6     -165.63
   105.0     3.7     -162.91
   105.0     3.8     -154.74
   105.0     3.9     -143.58
   105.0     4.0     -131.10
   105.0     4.1     -118.33
   105.0     4.2     -105.94
   105.0     4.3      -94.30
   105.0     4.4      -83.61
   105.0     4.5      -73.94
   105.0     4.6      -65.29
   105.0     4.7      -57.62
   105.0     4.8      -50.84
   105.0     4.9      -44.89
   105.0     5.0      -39.67
   105.0     5.1      -35.10
   105.0     5.2      -31.10
   105.0     5.3      -27.60
   105.0     5.4      -24.54
   105.0     5.5      -21.85
   105.0     5.6      -19.51
   105.0     5.7      -17.44
   105.0     5.8      -15.63
   105.0     5.9      -14.04
   105.0     6.0      -12.63
   105.0     6.1      -11.39
   105.0     6.2      -10.30
   105.0     6.3       -9.32
   105.0     6.4       -8.45
   105.0     6.5       -7.67
   105.0     6.6       -6.98
   105.0     6.7       -6.36
   105.0     6.8       -5.80
   105.0     6.9       -5.29
   105.0     7.0       -4.84
   105.0     8.0       -2.14
   105.0     9.0       -1.06
   105.0    10.0       -0.57
   120.0     3.5      -15.50
   120.0     3.6      -77.33
   120.0     3.7     -113.10
   120.0     3.8     -131.22
   120.0     3.9     -137.44
   120.0     4.0     -136.09
   120.0     4.1     -129.98
   120.0     4.2     -121.27
   120.0     4.3     -111.20
   120.0     4.4     -100.80
   120.0     4.5      -90.56
   120.0     4.6      -80.91
   120.0     4.7      -71.96
   120.0     4.8      -63.82
   120.0     4.9      -56.52
   120.0     5.0      -50.01
   120.0     5.1      -44.26
   120.0     5.2      -39.18
   120.0     5.3      -34.72
   120.0     5.4      -30.81
   120.0     5.5      -27.38
   120.0     5.6      -24.36
   120.0     5.7      -21.72
   120.0     5.8      -19.39
   120.0     5.9      -17.35
   120.0     6.0      -15.56
   120.0     6.1      -13.98
   120.0     6.2      -12.58
   120.0     6.3      -11.35
   120.0     6.4      -10.25
   120.0     6.5       -9.26
   120.0     6.6       -8.40
   120.0     6.7       -7.63
   120.0     6.8       -6.95
   120.0     6.9       -6.34
   120.0     7.0       -5.80
   120.0     8.0       -2.50
   120.0     9.0       -1.21
   120.0    10.0       -0.65
   135.0     3.8       71.62
   135.0     3.9      -11.04
   135.0     4.0      -62.49
   135.0     4.1      -92.19
   135.0     4.2     -107.08
   135.0     4.3     -112.18
   135.0     4.4     -110.95
   135.0     4.5     -105.91
   135.0     4.6      -98.70
   135.0     4.7      -90.48
   135.0     4.8      -81.99
   135.0     4.9      -73.69
   135.0     5.0      -65.86
   135.0     5.1      -58.64
   135.0     5.2      -52.09
   135.0     5.3      -46.21
   135.0     5.4      -40.98
   135.0     5.5      -36.35
   135.0     5.6      -32.27
   135.0     5.7      -28.67
   135.0     5.8      -25.52
   135.0     5.9      -22.74
   135.0     6.0      -20.31
   135.0     6.1      -18.16
   135.0     6.2      -16.28
   135.0     6.3      -14.61
   135.0     6.4      -13.14
   135.0     6.5      -11.84
   135.0     6.6      -10.69
   135.0     6.7       -9.66
   135.0     6.8       -8.72
   135.0     6.9       -7.93
   135.0     7.0       -7.20
   135.0     8.0       -3.04
   135.0     9.0       -1.43
   135.0    10.0       -0.75
   150.0     4.2       22.45
   150.0     4.3      -36.60
   150.0     4.4      -71.46
   150.0     4.5      -89.94
   150.0     4.6      -97.62
   150.0     4.7      -98.39
   150.0     4.8      -94.90
   150.0     4.9      -88.99
   150.0     5.0      -81.91
   150.0     5.1      -74.40
   150.0     5.2      -66.98
   150.0     5.3      -59.91
   150.0     5.4      -53.37
   150.0     5.5      -47.43
   150.0     5.6      -42.09
   150.0     5.7      -37.34
   150.0     5.8      -33.14
   150.0     5.9      -29.44
   150.0     6.0      -26.19
   150.0     6.1      -23.33
   150.0     6.2      -20.82
   150.0     6.3      -18.61
   150.0     6.4      -16.65
   150.0     6.5      -14.95
   150.0     6.6      -13.43
   150.0     6.7      -12.10
   150.0     6.8      -10.91
   150.0     6.9       -9.87
   150.0     7.0       -8.93
   150.0     8.0       -3.64
   150.0     9.0       -1.68
   150.0    10.0       -0.87
   165.0     4.4       39.74
   165.0     4.5      -24.10
   165.0     4.6      -61.82
   165.0     4.7      -82.05
   165.0     4.8      -90.90
   165.0     4.9      -92.46
   165.0     5.0      -89.62
   165.0     5.1      -84.26
   165.0     5.2      -77.62
   165.0     5.3      -70.53
   165.0     5.4      -63.48
   165.0     5.5      -56.77
   165.0     5.6      -50.56
   165.0     5.7      -44.90
   165.0     5.8      -39.84
   165.0     5.9      -35.34
   165.0     6.0      -31.37
   165.0     6.1      -27.87
   165.0     6.2      -24.80
   165.0     6.3      -22.10
   165.0     6.4      -19.73
   165.0     6.5      -17.65
   165.0     6.6      -15.82
   165.0     6.7      -14.21
   165.0     6.8      -12.78
   165.0     6.9      -11.52
   165.0     7.0      -10.41
   165.0     8.0       -4.13
   165.0     9.0       -1.88
   165.0    10.0       -0.96
   180.0     4.5       22.07
   180.0     4.6      -34.08
   180.0     4.7      -66.52
   180.0     4.8      -83.29
   180.0     4.9      -89.92
   180.0     5.0      -90.14
   180.0     5.1      -86.55
   180.0     5.2      -80.86
   180.0     5.3      -74.16
   180.0     5.4      -67.17
   180.0     5.5      -60.32
   180.0     5.6      -53.87
   180.0     5.7      -47.93
   180.0     5.8      -42.55
   180.0     5.9      -37.75
   180.0     6.0      -33.49
   180.0     6.1      -29.73
   180.0     6.2      -26.43
   180.0     6.3      -23.53
   180.0     6.4      -20.99
   180.0     6.5      -18.76
   180.0     6.6      -16.79
   180.0     6.7      -15.06
   180.0     6.8      -13.54
   180.0     6.9      -12.19
   180.0     7.0      -11.00
   180.0     8.0       -4.33
   180.0     9.0       -1.96
   180.0    10.0       -0.99