        9.69876
       -1.75647
       -0.17175
        0.01495
       -0.79523
       -0.04950
        0.01600
        0.00480
        3.68104
        0.13071
       -0.08825
       -0.01736
        1.42261
       -0.09180
       -0.05672
       -0.00356
        0.66252
       -0.40800
        0.10229
       -0.00637
        0.30560
        0.10381
       -0.03909
        0.00272
       10.00921
        0.38290
        1.94851
       -0.51090
        0.18033
        0.02488
       -2.82825
       -0.12769
       -0.06355
        0.03916
       -0.04470
        0.00099
    -3166.90381
    -1595.42610
     2999.28475
     1057.42529
