        9.32110
       -4.29080
        0.70842
       -0.04787
       11.00368
       -7.72422
        1.61464
       -0.10274
       12.98928
       -6.26571
        1.12461
       -0.07946
        4.79191
       -2.34900
        0.33135
       -0.01184
        4.82109
       -3.21166
        0.70895
       -0.05068
       -0.07022
        0.36410
       -0.12928
        0.01162
       10.45924
       -1.06731
        1.08824
       -0.23757
        0.33225
       -0.06832
       -2.60847
        0.30159
        0.00937
       -0.01448
       -0.07388
        0.01978
    -3025.91197
    -1264.86647
     6321.57916
     2252.93834
