     0.     4.2      46.26
     0.     4.3     -22.76
     0.     4.4     -62.15
     0.     4.5     -82.35
     0.     4.6     -90.46
     0.     4.7     -91.07
     0.     4.8     -87.37
     0.     4.9     -81.35
     0.     5.0     -74.30
     0.     5.1     -67.01
     0.     5.2     -59.95
     0.     5.3     -53.35
     0.     5.4     -47.34
     0.     5.5     -41.94
     0.     5.6     -37.15
     0.     5.7     -32.92
     0.     5.8     -29.20
     0.     5.9     -25.94
     0.     6.0     -23.07
     0.     6.1     -20.56
     0.     6.2     -18.35
     0.     6.3     -16.41
     0.     6.4     -14.70
     0.     6.5     -13.20
     0.     6.6     -11.87
     0.     6.7     -10.70
     0.     6.8      -9.67
     0.     6.9      -8.75
     0.     7.0      -7.93
     0.     8.0      -3.25
     0.     9.0      -1.53
     0.    10.0      -0.80
    15.     4.2      11.56
    15.     4.3     -42.28
    15.     4.4     -72.09
    15.     4.5     -86.31
    15.     4.6     -90.78
    15.     4.7     -89.37
    15.     4.8     -84.62
    15.     4.9     -78.16
    15.     5.0     -71.03
    15.     5.1     -63.87
    15.     5.2     -57.03
    15.     5.3     -50.71
    15.     5.4     -45.02
    15.     5.5     -39.88
    15.     5.6     -35.35
    15.     5.7     -31.33
    15.     5.8     -27.81
    15.     5.9     -24.72
    15.     6.0     -22.00
    15.     6.1     -19.62
    15.     6.2     -17.53
    15.     6.3     -15.71
    15.     6.4     -14.08
    15.     6.5     -12.66
    15.     6.6     -11.39
    15.     6.7     -10.28
    15.     6.8      -9.29
    15.     6.9      -8.41
    15.     7.0      -7.63
    15.     8.0      -3.15
    15.     9.0      -1.48
    15.    10.0      -0.78
    30.     4.0      65.27
    30.     4.1      -9.20
    30.     4.2     -53.13
    30.     4.3     -76.92
    30.     4.4     -87.68
    30.     4.5     -90.23
    30.     4.6     -87.90
    30.     4.7     -82.78
    30.     4.8     -76.27
    30.     4.9     -69.25
    30.     5.0     -62.28
    30.     5.1     -55.66
    30.     5.2     -49.54
    30.     5.3     -44.00
    30.     5.4     -39.03
    30.     5.5     -34.62
    30.     5.6     -30.73
    30.     5.7     -27.29
    30.     5.8     -24.28
    30.     5.9     -21.63
    30.     6.0     -19.30
    30.     6.1     -17.25
    30.     6.2     -15.45
    30.     6.3     -13.86
    30.     6.4     -12.48
    30.     6.5     -11.23
    30.     6.6     -10.14
    30.     6.7      -9.17
    30.     6.8      -8.31
    30.     6.9      -7.54
    30.     7.0      -6.85
    30.     8.0      -2.87
    30.     9.0      -1.37
    30.    10.0      -0.72
    45.     3.8      42.46
    45.     3.9     -24.15
    45.     4.0     -63.27
    45.     4.1     -84.10
    45.     4.2     -93.04
    45.     4.3     -94.48
    45.     4.4     -91.42
    45.     4.5     -85.80
    45.     4.6     -78.96
    45.     4.7     -71.69
    45.     4.8     -64.50
    45.     4.9     -57.69
    45.     5.0     -51.39
    45.     5.1     -45.67
    45.     5.2     -40.55
    45.     5.3     -35.99
    45.     5.4     -31.95
    45.     5.5     -28.39
    45.     5.6     -25.25
    45.     5.7     -22.49
    45.     5.8     -20.07
    45.     5.9     -17.94
    45.     6.0     -16.06
    45.     6.1     -14.40
    45.     6.2     -12.94
    45.     6.3     -11.65
    45.     6.4     -10.51
    45.     6.5      -9.50
    45.     6.6      -8.60
    45.     6.7      -7.80
    45.     6.8      -7.10
    45.     6.9      -6.45
    45.     7.0      -5.89
    45.     8.0      -2.52
    45.     9.0      -1.22
    45.    10.0      -0.65
    60.     3.5      38.46
    60.     3.6     -35.49
    60.     3.7     -78.78
    60.     3.8    -101.59
    60.     3.9    -111.14
    60.     4.0    -112.23
    60.     4.1    -108.29
    60.     4.2    -101.43
    60.     4.3     -93.23
    60.     4.4     -84.52
    60.     4.5     -75.97
    60.     4.6     -67.85
    60.     4.7     -60.36
    60.     4.8     -53.56
    60.     4.9     -47.47
    60.     5.0     -42.05
    60.     5.1     -37.25
    60.     5.2     -33.03
    60.     5.3     -29.32
    60.     5.4     -26.06
    60.     5.5     -23.20
    60.     5.6     -20.68
    60.     5.7     -18.48
    60.     5.8     -16.54
    60.     5.9     -14.83
    60.     6.0     -13.32
    60.     6.1     -11.99
    60.     6.2     -10.81
    60.     6.3      -9.77
    60.     6.4      -8.84
    60.     6.5      -8.02
    60.     6.6      -7.29
    60.     6.7      -6.63
    60.     6.8      -6.03
    60.     6.9      -5.51
    60.     7.0      -5.03
    60.     8.0      -2.21
    60.     9.0      -1.09
    60.    10.0      -0.59
    75.     3.2      45.70
    75.     3.3     -50.59
    75.     3.4    -106.27
    75.     3.5    -135.11
    75.     3.6    -146.58
    75.     3.7    -147.18
    75.     3.8    -141.30
    75.     3.9    -131.82
    75.     4.0    -120.67
    75.     4.1    -109.04
    75.     4.2     -97.64
    75.     4.3     -86.89
    75.     4.4     -77.02
    75.     4.5     -68.09
    75.     4.6     -60.12
    75.     4.7     -53.05
    75.     4.8     -46.82
    75.     4.9     -41.35
    75.     5.0     -36.56
    75.     5.1     -32.37
    75.     5.2     -28.70
    75.     5.3     -25.49
    75.     5.4     -22.68
    75.     5.5     -20.22
    75.     5.6     -18.06
    75.     5.7     -16.17
    75.     5.8     -14.50
    75.     5.9     -13.04
    75.     6.0     -11.74
    75.     6.1     -10.59
    75.     6.2      -9.58
    75.     6.3      -8.67
    75.     6.4      -7.87
    75.     6.5      -7.15
    75.     6.6      -6.51
    75.     6.7      -5.94
    75.     6.8      -5.42
    75.     6.9      -4.96
    75.     7.0      -4.54
    75.     8.0      -2.02
    75.     9.0      -1.01
    75.    10.0      -0.55
    90.     3.2     -24.82
    90.     3.3     -94.73
    90.     3.4    -132.94
    90.     3.5    -150.38
    90.     3.6    -154.58
    90.     3.7    -150.67
    90.     3.8    -142.08
    90.     3.9    -131.09
    90.     4.0    -119.13
    90.     4.1    -107.17
    90.     4.2     -95.70
    90.     4.3     -85.05
    90.     4.4     -75.33
    90.     4.5     -66.59
    90.     4.6     -58.80
    90.     4.7     -51.91
    90.     4.8     -45.85
    90.     4.9     -40.52
    90.     5.0     -35.84
    90.     5.1     -31.76
    90.     5.2     -28.18
    90.     5.3     -25.04
    90.     5.4     -22.30
    90.     5.5     -19.90
    90.     5.6     -17.79
    90.     5.7     -15.93
    90.     5.8     -14.30
    90.     5.9     -12.86
    90.     6.0     -11.59
    90.     6.1     -10.46
    90.     6.2      -9.46
    90.     6.3      -8.58
    90.     6.4      -7.78
    90.     6.5      -7.08
    90.     6.6      -6.45
    90.     6.7      -5.88
    90.     6.8      -5.37
    90.     6.9      -4.91
    90.     7.0      -4.50
    90.     8.0      -2.01
    90.     9.0      -1.00
    90.    10.0      -0.55
   105.     3.4       9.64
   105.     3.5     -54.23
   105.     3.6     -91.64
   105.     3.7    -111.22
   105.     3.8    -119.00
   105.     3.9    -119.20
   105.     4.0    -114.74
   105.     4.1    -107.59
   105.     4.2     -99.09
   105.     4.3     -90.13
   105.     4.4     -81.25
   105.     4.5     -72.79
   105.     4.6     -64.93
   105.     4.7     -57.76
   105.     4.8     -51.29
   105.     4.9     -45.51
   105.     5.0     -40.38
   105.     5.1     -35.84
   105.     5.2     -31.83
   105.     5.3     -28.31
   105.     5.4     -25.21
   105.     5.5     -22.48
   105.     5.6     -20.08
   105.     5.7     -17.97
   105.     5.8     -16.11
   105.     5.9     -14.47
   105.     6.0     -13.01
   105.     6.1     -11.73
   105.     6.2     -10.59
   105.     6.3      -9.58
   105.     6.4      -8.68
   105.     6.5      -7.88
   105.     6.6      -7.16
   105.     6.7      -6.53
   105.     6.8      -5.95
   105.     6.9      -5.44
   105.     7.0      -4.97
   105.     8.0      -2.19
   105.     9.0      -1.08
   105.    10.0      -0.58
   120.     3.7      34.08
   120.     3.8     -27.90
   120.     3.9     -65.58
   120.     4.0     -86.60
   120.     4.1     -96.39
   120.     4.2     -98.81
   120.     4.3     -96.56
   120.     4.4     -91.53
   120.     4.5     -84.99
   120.     4.6     -77.79
   120.     4.7     -70.47
   120.     4.8     -63.40
   120.     4.9     -56.76
   120.     5.0     -50.65
   120.     5.1     -45.11
   120.     5.2     -40.15
   120.     5.3     -35.72
   120.     5.4     -31.79
   120.     5.5     -28.31
   120.     5.6     -25.24
   120.     5.7     -22.54
   120.     5.8     -20.15
   120.     5.9     -18.04
   120.     6.0     -16.18
   120.     6.1     -14.54
   120.     6.2     -13.08
   120.     6.3     -11.79
   120.     6.4     -10.65
   120.     6.5      -9.63
   120.     6.6      -8.72
   120.     6.7      -7.92
   120.     6.8      -7.19
   120.     6.9      -6.55
   120.     7.0      -5.97
   120.     8.0      -2.57
   120.     9.0      -1.24
   120.    10.0      -0.66
   135.     4.0      39.96
   135.     4.1     -21.68
   135.     4.2     -59.08
   135.     4.3     -79.92
   135.     4.4     -89.67
   135.     4.5     -92.20
   135.     4.6     -90.18
   135.     4.7     -85.47
   135.     4.8     -79.30
   135.     4.9     -72.51
   135.     5.0     -65.64
   135.     5.1     -59.01
   135.     5.2     -52.79
   135.     5.3     -47.09
   135.     5.4     -41.93
   135.     5.5     -37.31
   135.     5.6     -33.20
   135.     5.7     -29.56
   135.     5.8     -26.34
   135.     5.9     -23.50
   135.     6.0     -20.99
   135.     6.1     -18.78
   135.     6.2     -16.83
   135.     6.3     -15.11
   135.     6.4     -13.59
   135.     6.5     -12.24
   135.     6.6     -11.04
   135.     6.7      -9.98
   135.     6.8      -9.04
   135.     6.9      -8.19
   135.     7.0      -7.44
   135.     8.0      -3.10
   135.     9.0      -1.46
   135.    10.0      -0.76
   150.     4.2      85.49
   150.     4.3       6.17
   150.     4.4     -42.74
   150.     4.5     -70.93
   150.     4.6     -85.28
   150.     4.7     -90.55
   150.     4.8     -90.13
   150.     4.9     -86.29
   150.     5.0     -80.54
   150.     5.1     -73.89
   150.     5.2     -66.99
   150.     5.3     -60.24
   150.     5.4     -53.87
   150.     5.5     -48.01
   150.     5.6     -42.70
   150.     5.7     -37.95
   150.     5.8     -33.72
   150.     5.9     -29.98
   150.     6.0     -26.68
   150.     6.1     -23.78
   150.     6.2     -21.22
   150.     6.3     -18.98
   150.     6.4     -17.00
   150.     6.5     -15.25
   150.     6.6     -13.71
   150.     6.7     -12.34
   150.     6.8     -11.12
   150.     6.9     -10.05
   150.     7.0      -9.10
   150.     8.0      -3.68
   150.     9.0      -1.70
   150.    10.0      -0.87
   165.     4.4      54.71
   165.     4.5     -14.10
   165.     4.6     -55.21
   165.     4.7     -77.75
   165.     4.8     -88.16
   165.     4.9     -90.80
   165.     5.0     -88.66
   165.     5.1     -83.75
   165.     5.2     -77.41
   165.     5.3     -70.50
   165.     5.4     -63.56
   165.     5.5     -56.91
   165.     5.6     -50.73
   165.     5.7     -45.09
   165.     5.8     -40.03
   165.     5.9     -35.52
   165.     6.0     -31.54
   165.     6.1     -28.02
   165.     6.2     -24.94
   165.     6.3     -22.23
   165.     6.4     -19.85
   165.     6.5     -17.76
   165.     6.6     -15.91
   165.     6.7     -14.29
   165.     6.8     -12.86
   165.     6.9     -11.59
   165.     7.0     -10.46
   165.     8.0      -4.15
   165.     9.0      -1.89
   165.    10.0      -0.96
   180.     4.5      22.07 
   180.     4.6     -34.08 
   180.     4.7     -66.52 
   180.     4.8     -83.29 
   180.     4.9     -89.92 
   180.     5.0     -90.14 
   180.     5.1     -86.55 
   180.     5.2     -80.86 
   180.     5.3     -74.16 
   180.     5.4     -67.17 
   180.     5.5     -60.32 
   180.     5.6     -53.87 
   180.     5.7     -47.93 
   180.     5.8     -42.55 
   180.     5.9     -37.75 
   180.     6.0     -33.49 
   180.     6.1     -29.73 
   180.     6.2     -26.43 
   180.     6.3     -23.53 
   180.     6.4     -20.99 
   180.     6.5     -18.76 
   180.     6.6     -16.79 
   180.     6.7     -15.06 
   180.     6.8     -13.54 
   180.     6.9     -12.19 
   180.     7.0     -11.00
   180.     8.0      -4.33 
   180.     9.0      -1.96
   180.    10.0      -0.99 