                                                  
                                                                                                                                                                                                                                                                
 Result for angle 180
      R     E_CP      E_COMPLEX        E_NCO          E_AR
    4.3   217.42   -694.8767810   -167.8025730   -527.0751986
    4.5    -2.26   -694.8777351   -167.8025581   -527.0751667
    4.7   -81.51   -694.8780569   -167.8025429   -527.0751426
    4.9   -99.15   -694.8781063   -167.8025294   -527.0751251
    5.1   -92.44   -694.8780536   -167.8025197   -527.0751127
                                                  
