        9.86470
       -1.77856
       -0.17733
        0.01881
       -0.55898
       -0.05156
        0.00526
        0.00060
        3.92840
        0.18085
       -0.08929
       -0.02329
       -0.04303
       -0.01762
       -0.00313
        0.00319
       -0.74436
       -0.11514
        0.07871
       -0.00114
       -0.40293
       -0.06494
       -0.00630
        0.00702
       10.19473
        0.12518
        1.92165
       -0.11999
        0.09420
        0.04679
       -2.82950
       -0.12175
       -0.09678
        0.05962
       -0.01542
       -0.00165
    -3229.47532
    -1585.40375
     3590.28279
      493.94702
